19
725 670 
1500 1000
1 0 0 2 1000
1 0 998 1500 2
1 1498 0 2 1000
1 0 0 1500 2
2 0 0 1500 40
2 0 0 40 1000
2 0 960 690 40
2 810 960 690 40
2 1460 0 40 1000
2 650 840 40 120
2 810 840 40 120
4 650 770 200 30
7 1050 750 200 50
7 150 750 200 50
2 1380 840 80 40
2 160 500 1180 40
7 650 250 200 50
2 40 190 470 40
4 1140 190 200 30
0 - Точка появления
1 - Границы мира
2 - Блоки
3 - Переход на другую локация
4 - Платформы
5 - Батут
6 - Проходимые стены
7 - Ломающиеся платформы
HERO_WIDHT 50
HERO_HEIGHT 80