46
3000 2000
1 0 0 2 2000
1 0 1998 3000 2
1 2998 0 2 1998
1 0 0 3000 2
2 0 0 2560 40
2 2680 0 320 40
2 0 0 40 2000
2 0 1960 3000 40
2 2960 0 40 2000
2 2560 300 400 40
2 1700 40 40 960
2 40 960 770 40
2 930 960 770 40
2 1890 300 350 40
4 2560 700 400 42
2 1740 700 500 40
7 2300 500 200 40 
2 1740 920 300 40
2 40 1520 200 40
2 360 1520 1080 40
2 1560 1520 1080 40
2 2760 1520 200 40
4 240 1519 120 42
4 1440 1519 120 42
4 2640 1519 120 42
7 200 1760 200 40
7 1400 1760 200 40
7 2600 1760 200 40
5 828 1446 84 74
4 2300 1300 200 42
4 2300 1080 200 42
5 2358 823 84 74
4 810 1050 120 42
2 160 340 1540 40
2 160 340 1540 40
6 40 340 120 40
7 770 850 200 40
7 320 850 200 40
7 1220 850 200 40
7 100 650 200 40
7 320 500 200 40
7 1100 500 200 40
7 1500 550 200 40
7 720 550 200 40
8 40 440 100 40
11 2560 0 120 60
0 - Точка появления
1 - Границы мира
2 - Блоки
3 - Переход на другую локация
4 - Платформы
5 - Батут (42/37)
6 - Проходимые стены
7 - Ломающиеся платформы
8 - Невидимые платформы
11 - проход наверх
12 - проход в лево
13 - проход в право
14 - проход в низ
HERO_WIDHT 50
HERO_HEIGHT 80