29
1500 1000
1 0 0 2 1000
1 0 998 1500 2
1 1498 0 2 1000
1 0 0 1500 2
2 0 0 1500 40
2 0 0 40 840
2 0 960 1500 40
2 1460 0 40 1000
2 40 800 600 40
2 760 800 580 40
2 40 600 200 40
2 360 600 600 40
2 1080 600 380 40
2 760 640 40 160
2 40 400 1300 40
2 40 200 700 40
2 860 200 600 40
6 500 840 960 160
6 40 640 720 160
6 800 640 660 160
6 40 440 1420 160
6 40 240 1420 160
6 640 800 120 40
6 1340 800 120 40
6 240 600 120 40
6 960 600 120 40
6 1340 400 120 40
6 740 200 120 40
12 0 840 60 120
0 - Точка появления
1 - Границы мира
2 - Блоки
3 - Переход на другую локация
4 - Платформы
5 - Батут
6 - Проходимые стены
7 - Ломающиеся платформы
11 - проход наверх
12 - проход в лево
13 - проход в право
14 - проход в низ
HERO_WIDHT 50
HERO_HEIGHT 80