23
1500 1000
1 0 0 2 1000
1 0 998 1500 2
1 1498 0 2 1000
1 0 0 1500 2
2 0 0 1340 40
2 0 0 40 300
2 0 420 40 580
2 0 960 700 40
2 820 960 640 40
2 1460 0 40 500 
2 1460 620 40 380
2 40 419 300 40
2 1160 619 300 40
2 1160 200 300 40
2 40 760 200 40
2 360 760 1100 40
7 650 560 200 40
7 650 360 200 40
7 650 160 200 40
12 0 300 60 120
11 1340 0 120 60
13 1440 500 40 120
14 700 940 120 40
0 - Точка появления
1 - Границы мира
2 - Блоки
3 - Переход на другую локация
4 - Платформы
5 - Батут
6 - Проходимые стены
7 - Ломающиеся платформы
11 - проход наверх
12 - проход в лево
13 - проход в право
14 - проход в низ
HERO_WIDHT 50
HERO_HEIGHT 80