16
1500 1000
1 0 0 2 1000
1 0 998 1500 2
1 1498 0 2 1000
1 0 0 1500 2
2 0 0 690 40
2 810 0 690 40
2 0 0 40 1000
2 0 960 1500 40
2 1460 0 40 1000
11 690 0 120 60
7 300 730 200 50
7 300 500 200 50
7 650 730 200 50
7 650 500 200 50
7 1000 730 200 50
7 1000 500 200 50
0 - Точка появления
1 - Границы мира
2 - Блоки
3 - Переход на другую локация
4 - Платформы
5 - Батут
6 - Проходимые стены
7 - Ломающиеся платформы
11 - проход наверх
12 - проход в лево
13 - проход в право
14 - проход в низ
HERO_WIDHT 50
HERO_HEIGHT 80